94902938401792 62321 240
94902939223504 58437 40
94902938607936 1310 80
94902938611440 1230 120
94902938616912 1277 160
94902938619776 1276 200
94902938622624 1503 240
94902938625680 1415 280
94902938624208 1386 320
94902938641488 1480 360
94902938643040 1674 400
94902938644800 1817 440
94902938646704 1766 480
94902938648544 1835 520
94902938650464 1846 560
94902938652384 1811 600
94902938654272 2284 640
94902938656640 3065 680
94902938659792 2528 720
94902938662400 2543 760
94902938666528 2618 800
94902938669232 2576 840
94902938671888 2602 880
94902938674576 2620 920
94902938678784 2557 960
94902938681424 2602 1000
94902938684112 3611 1040
94902938689312 3666 1080
94902938622656 2528 1120
94902938689312 3105 1160
94902938678784 3521 1200
94902938678784 3333 1240
94902938689312 3099 1280
94902938689312 3330 1320
94902938689312 3203 1360
94902938689312 3075 1400
94902938689312 3116 1440
94902938689312 3206 1480
94902938689312 3018 1520
94902938678784 3193 1560
94902938678784 3049 1600
94902938689312 2918 1640
94902938678784 4232 1680
94902938689312 2629 1720
94902938678784 4124 1760
94902938622624 2368 1800
94902938678784 3934 1840
94902938678784 3113 1880
94902938678784 3043 1920
94902938689312 3061 1960
94902938689312 2994 2000
94902947442768 66781 2040
94902938622624 1522 2080
94902938622624 1516 2120
94902938622624 1736 2160
94902938622624 1804 2200
94902938622624 1767 2240
94902938622624 1828 2280
94902938622624 1994 2320
94902938678784 2557 2360
94902938678784 2452 2400
94902938622624 2395 2440
94902938678784 2484 2480
94902938678784 2529 2520
94902938622624 2414 2560
94902938682192 3306 2600
94902938682192 3536 2640
94902938678784 3218 2680
94902938682192 3305 2720
94902938678784 3116 2760
94902938678784 3091 2800
94902938682192 3287 2840
94902938689312 2904 2880
94902938678784 2907 2920
94902938678784 3079 2960
94902938689312 2835 3000
94902938678784 2945 3040
94902938682192 3840 3080
94902938689312 3070 3120
94902938689312 3034 3160
94902938689312 3079 3200
94902938689312 3066 3240
94902938689312 3039 3280
94902938689312 2917 3320
94902938689312 2835 3360
94902938689312 2958 3400
94902938682192 3869 3440
94902938682192 3819 3480
94902938682192 3676 3520
94902938682192 3657 3560
94902938682192 3531 3600
94902938682192 3548 3640
94902938682192 3779 3680
94902938682192 3690 3720
94902938682192 3716 3760
94902938682192 3699 3800
94902938682192 3750 3840
94902938682192 3607 3880
94902938682192 5035 3920
94902938666560 5697 3960
93990273101600 67023 240
93990273928208 64884 40
93990267389472 769 80
93990273310176 883 120
93990273318240 1157 160
93990273320832 1087 200
93990273323152 1135 240
93990273325712 1067 280
93990273328144 1266 320
93990273342320 1198 360
93990273326864 1150 400
93990273345072 1217 440
93990273343600 1392 480
93990273347808 1431 520
93990273346368 1355 560
93990273350816 1457 600
93990273352352 1484 640
93990273353920 1575 680
93990273355568 1813 720
93990273357456 1669 760
93990273359200 1617 800
93990273362400 1778 840
93990273364256 2204 880
93990273366544 2806 920
93990273369424 2498 960
93990273373504 2420 1000
93990273376000 2590 1040
93990273378672 2422 1080
93990273342320 2466 1120
93990273342320 2495 1160
93990273342320 3371 1200
93990273342320 2881 1240
93990273342320 3268 1280
93990273342320 3723 1320
93990273342320 3316 1360
93990273342320 3514 1400
93990273342320 3232 1440
93990273342320 3357 1480
93990273342320 3341 1520
93990273342320 3290 1560
93990273342320 3243 1600
93990273342320 3263 1640
93990273342320 4575 1680
93990273342320 2416 1720
93990273342320 4292 1760
93990273342320 3397 1800
93990273342320 3465 1840
93990273342320 3451 1880
93990273342320 3328 1920
93990273342320 3290 1960
93990273342320 3140 2000
93990282138560 68255 2040
93990273342320 1657 2080
93990273342320 1709 2120
93990273342320 1863 2160
93990273342320 1869 2200
93990273342320 1835 2240
93990273342320 1772 2280
93990273342320 2309 2320
93990273343824 2833 2360
93990273343824 2604 2400
93990273342320 2612 2440
93990273342320 2589 2480
93990273342320 2485 2520
93990273342320 2407 2560
93990273342320 2512 2600
93990273342320 2569 2640
93990273343824 3569 2680
93990273343824 3687 2720
93990273343824 3647 2760
93990273343824 3447 2800
93990273343824 3156 2840
93990273343824 3150 2880
93990273343824 2971 2920
93990273343824 2988 2960
94843791994672 67512 240
94843792820480 65239 40
94843792207600 987 80
94843792210448 1183 120
94843792215072 1411 160
94843792217952 1329 200
94843792220720 1313 240
94843792223616 1288 280
94843792226368 1468 320
94843792240752 1306 360
94843792224976 1300 400
94843792243584 1379 440
94843792242144 1364 480
94843791749232 1545 520
94843791750864 1620 560
94843791752560 1613 600
94843791754256 1605 640
94843791755936 1586 680
94843791757600 1951 720
94843791759632 2238 760
94843791761952 1801 800
94843791763840 1760 840
94843791765680 1813 880
94843791767568 1860 920
94843791771008 2538 960
94843791773632 2796 1000
94843791778016 2595 1040
94843791780688 2370 1080
94843792242256 2550 1120
94843792242256 2337 1160
94843792242256 2509 1200
94843792242256 2321 1240
94843792242256 2409 1280
94843792223616 3433 1320
94843792240752 2869 1360
94843792240752 3021 1400
94843792240752 3508 1440
94843792223616 3528 1480
94843792240752 3268 1520
94843792240752 3225 1560
94843792240752 3579 1600
94843792223616 3248 1640
94843791778016 4466 1680
94843792223616 2590 1720
94843791778016 4510 1760
94843792223616 2563 1800
94843791778016 4434 1840
94843792223616 2689 1880
94843791771008 4525 1920
94843792223616 2642 1960
94843791778016 4410 2000
94843791994672 65399 2040
94843792242256 1418 2080
94843792242256 1665 2120
94843792242256 1675 2160
94843792242256 1631 2200
94843792242256 1754 2240
94826200948208 65439 240
94826201773328 64101 40
94826200169136 784 80
94826201202592 1069 120
94826201206816 1163 160
94826201209376 1067 200
94826201211664 1233 240
94826201214176 1063 280
94826201212976 1128 320
94826201229536 1254 360
94826201230864 1317 400
94826201232256 1301 440
94826201228144 1283 480
94826201235136 1332 520
94826201236544 1614 560
94826201238240 1635 600
94826201239952 1684 640
94826201241712 1630 680
94826201243424 1849 720
94826201245360 1677 760
94826201247120 2091 800
94826201249296 2549 840
94826201251920 2354 880
94826201257072 2351 920
94826201259504 2365 960
94826201263456 2395 1000
94826201266896 2305 1040
94826201270784 3639 1080
94826201211664 2725 1120
94826201263456 2319 1160
94826201270784 3363 1200
94826201270784 3554 1240
94826201270784 3297 1280
94826201270784 3191 1320
94826201270784 3110 1360
94826201270784 3093 1400
94826201270784 3327 1440
94826201270784 3147 1480
94826201270784 3152 1520
94826201270784 3044 1560
94826201270784 3280 1600
94826201270784 3017 1640
94826201229536 3068 1680
94826201257072 4196 1720
94826201211664 2592 1760
94826201257072 4241 1800
94826201211664 2435 1840
94826201229536 4023 1880
94826201270784 3381 1920
94826201270784 3130 1960
94826201270784 3177 2000
94826210512688 68326 2040
94826201263456 1602 2080
94826201263456 1551 2120
94826201266896 1667 2160
94826201266896 1876 2200
94365540552176 65841 240
94365541377616 63868 40
94365540760592 1062 80
94365540763632 1190 120
94365540768768 1214 160
94365540771600 1441 200
94365540774336 1282 240
94365540776880 1138 280
94365540775696 1110 320
94365540792400 1385 360
94365540793872 1333 400
94365540795280 1245 440
94365540790992 1331 480
94365540798112 1624 520
94365540799808 1751 560
94365540801632 1625 600
94365540803344 1786 640
94365540805216 1606 680
94365540806896 2078 720
94365540809056 2871 760
94365540812000 2324 800
94365540814400 2272 840
94365540818256 2190 880
94365540822032 2295 920
94365540824400 2296 960
94365540826768 2180 1000
94365540830528 2533 1040
94365540833136 3331 1080
94365540774336 3660 1120
94365540774336 2637 1160
94365540790992 3081 1200
94365540790992 3521 1240
94365540790992 3178 1280
94365540790992 3311 1320
94365540790992 3316 1360
94365540790992 3365 1400
94365540790992 3310 1440
94365540790992 3306 1480
94365540790992 3364 1520
94365540790992 3288 1560
94365540790992 3191 1600
94365540790992 3078 1640
94365540790992 4400 1680
94365540790992 2960 1720
94365540790992 3096 1760
94365540790992 3400 1800
94365540790992 3547 1840
94365540790992 3729 1880
94365540790992 3602 1920
94365540790992 3349 1960
94365540790992 3364 2000
94365540552176 65749 2040
94365540818256 1462 2080
